.Random.seed <-
c(403L, 581L, 980104141L, 71810975L, -1608031020L, 96001264L, 
-1014713678L, 735441983L, -1547724775L, -2104681335L, -681852761L, 
470758638L, 352583306L, -1150760790L, 733056324L, -1833308918L, 
-1555493696L, -1574818867L, -1614537534L, 1958620155L, -214047709L, 
-1484634274L, -375238664L, -646444079L, -704712436L, -996695778L, 
1716266289L, -162369148L, 493353091L, 32225135L, 1991385773L, 
-1954620662L, -1770293340L, 1931753729L, 800437127L, 1669098632L, 
498768609L, -320895729L, -1924501271L, -1144744707L, -1275962415L, 
-317238854L, -279697208L, -260305504L, -1253686348L, -1846723559L, 
549193354L, -256907731L, -693526534L, 1098045394L, 167461857L, 
-1537272231L, 731173595L, -1903545750L, 2040096331L, 1996166232L, 
1720627646L, 410023093L, -1228973856L, -1875865337L, 1065217370L, 
1903619137L, 952774832L, -552599061L, -421776114L, 1683573239L, 
-929921739L, -2052892875L, 1138612658L, -498480246L, -1119106054L, 
-1229971388L, -286385730L, 1425148008L, -101801665L, 1416969915L, 
1526015174L, 1382885386L, -661583802L, -1069715368L, -1208663798L, 
1361020392L, -257916524L, -353012861L, 1618707875L, 988150069L, 
131202417L, 1540925667L, -1826421108L, -876542311L, 668851025L, 
1300042518L, -813803853L, -1727815517L, 938351222L, 2021953708L, 
-124867069L, 1976543858L, 2088648808L, 112822332L, 1727146465L, 
657227931L, 2063962343L, -1063825851L, 980948333L, -1597602020L, 
1440237927L, -457624054L, -912508510L, -1946323225L, -1790337619L, 
1387621398L, 767253842L, -1124839415L, -932425141L, 384763320L, 
-2044049040L, 1963124141L, 29725963L, -590591884L, -796410337L, 
748006051L, -1419741904L, -265714863L, -1686848731L, 882488294L, 
-739936739L, -1829106496L, -1475667314L, 1766732110L, -28374118L, 
-1186537557L, 364840273L, -1112226048L, 1335481311L, 1870638533L, 
1124770106L, 1099080504L, -366922228L, 585237093L, -2137249766L, 
2086215017L, 358038565L, 1570475262L, 1842811940L, 2004977313L, 
1177780717L, -1492517009L, 1996348708L, 1289167006L, 161233227L, 
1089378962L, 986416424L, -1434048068L, -1606880414L, -173237202L, 
1038946733L, -1142838105L, 1932135467L, -1088336848L, -170449837L, 
-767853128L, 1979979329L, 1744828164L, -1076258737L, 963613868L, 
859306061L, -1967525401L, 1041012408L, 1929678455L, -265379072L, 
189991129L, -1098515774L, 677559486L, 1829703718L, 1860815506L, 
-1821998156L, 417726992L, -1213404495L, -1396293617L, -1977521429L, 
222647834L, 600179458L, -134115255L, -894359615L, 279463116L, 
-1466789816L, -1742288527L, 2024692719L, 1141744748L, -1199015195L, 
-1936642498L, 330947337L, 854003709L, 1865555350L, 678464932L, 
-349088581L, -1248411056L, 1937411452L, -213315030L, 415182557L, 
1625779872L, 485098807L, -1194649942L, -776396297L, 1128862694L, 
645420601L, 715346316L, -869363975L, 620457222L, 1206234771L, 
-1228869457L, -690314792L, -603967752L, 857066283L, -254838726L, 
1381126859L, -908004308L, 2066866008L, 1582829218L, -435466660L, 
-132353381L, -1363221586L, 1364415963L, 923915072L, -2127172603L, 
1980422636L, 2068262029L, 23915278L, -230212267L, 1563302329L, 
-2004143716L, -1004145035L, 219815749L, -1137896813L, 2082955851L, 
1951981131L, 23717271L, -1933751601L, 1163136490L, 1242680821L, 
-961663807L, -1120751728L, 1258475938L, 1090898266L, 657905649L, 
-1940812967L, -1850192981L, 83712819L, -550090356L, -227383174L, 
-1796577392L, 1349607126L, -743242154L, 1947691671L, 1783562738L, 
1933065238L, 1284023686L, -1793746216L, 2141969001L, 1935698435L, 
525478716L, -475554066L, 505254128L, -434636896L, 385950758L, 
-135941037L, 920431941L, -1060031726L, 1941507788L, 2069464723L, 
-457497150L, 1295202297L, -1000926877L, 708542142L, 1153009455L, 
-1253790062L, -1457314605L, 393920036L, 1986869838L, -1322282731L, 
1964292003L, 1602590739L, -39779519L, -421470944L, 2054959322L, 
541029838L, -1096111297L, 1379745276L, -2105408649L, -1871565392L, 
-713662010L, -531883742L, 2107905851L, 802725480L, -28356943L, 
21181436L, -391063689L, -1009138172L, -1195048178L, -266103037L, 
-781149701L, -180217366L, -1865072943L, 1502096780L, 346963211L, 
1886773943L, -99730403L, 519617498L, 1703785913L, 924912386L, 
-7335304L, 1268593330L, 1702468001L, -1572073107L, 989228616L, 
-124457509L, 1445044145L, -395202914L, -206076379L, -664886980L, 
-1454398774L, 2107040561L, 1479693061L, -2139335402L, 1315275563L, 
773085478L, -1267182844L, -424713397L, 1180186516L, -1688672480L, 
-1607482774L, -1845396398L, -2146535614L, -811689298L, 1970303416L, 
1613125090L, -465450366L, -1438128199L, 404209306L, 314946109L, 
867327478L, 206195325L, -362381177L, -1263821340L, -1898137001L, 
-1261155111L, -2102540444L, -604155443L, 903100175L, -1016833925L, 
1695862227L, 1773362955L, -127373287L, -1863045455L, 1485434231L, 
379643245L, 1139158685L, -203701331L, 280576493L, 1402858292L, 
-139030663L, 1087081086L, -418170604L, 108569858L, -1713272121L, 
-1048438710L, 502085828L, -1298676636L, 401125113L, 1790796315L, 
1864584222L, -578524873L, -1367515026L, 1351892607L, -518909996L, 
1729897327L, -1897858963L, 558033162L, -1714731281L, 300655033L, 
-1004670653L, -1190869619L, -1590504473L, -1188126619L, 2120005371L, 
-1899978710L, -222387333L, -564672287L, -2047104915L, 1094894076L, 
-1735520416L, 386189447L, 1271106023L, 867106172L, 287366617L, 
-1083012399L, 1708424758L, -1990594766L, 457487546L, 2132808134L, 
-1434308392L, 83212700L, 2113668695L, 1502135323L, 1099832912L, 
-1463076268L, 53557897L, 1186033844L, 988850673L, 238902174L, 
-1604403953L, -311072467L, 1492175055L, -1469101598L, 1184365723L, 
433989053L, -563014673L, 262933792L, -1389996483L, 1959307272L, 
-14972403L, -1851639759L, -834177051L, 1574373408L, 687665045L, 
-2121212940L, 1346192287L, 2061300128L, -1296476387L, 1649325130L, 
826135206L, -2004904735L, 744210065L, -1376747398L, 736574396L, 
-116322035L, -786652245L, 761489901L, 613483555L, -890712299L, 
407918793L, -1560545369L, -313674295L, -643951578L, -512972480L, 
-1239716828L, -194701719L, -452307320L, 975473134L, 45035676L, 
837790319L, -1163038961L, 996749616L, -348989754L, -172322017L, 
-1316285506L, 1033757954L, 1959645537L, -561312923L, 1263795632L, 
-370343820L, -1313070624L, -1922316973L, -1173248616L, 1692458026L, 
958706969L, -894148365L, -279489039L, 818059257L, -942481331L, 
-107078150L, 753038452L, 803125439L, -317894234L, -1367057433L, 
1259743776L, -527151673L, 326055931L, -1693541997L, -1832728485L, 
756129821L, -461261593L, 746073500L, -540302735L, -726703307L, 
-1826345602L, -1316305469L, -2119807402L, -1546102106L, -288290047L, 
604665316L, 1039766430L, -33774722L, 489092579L, 364947932L, 
511530597L, -1133003601L, -790772589L, 24662175L, -1636439329L, 
1474423812L, 64291914L, 263947156L, 1620493437L, -345091223L, 
128151309L, -1707813094L, -956535009L, -732948944L, -1859546115L, 
540101633L, -1273882221L, -1049748692L, -1250296198L, -431365331L, 
-614649643L, -911531585L, 772362896L, -1432465514L, 1289704678L, 
-646924389L, -1318131160L, 1690253159L, 773522182L, -1060248426L, 
1744270873L, 1678609582L, 1273664643L, 2033430627L, -1304623470L, 
158202151L, 166595568L, 926224982L, -357366108L, -672209231L, 
-1933218341L, -1872363444L, 470158687L, 1680674967L, 1971363616L, 
1499029235L, -1547903270L, 710725006L, 1696036532L, -556353605L, 
-883504212L, -566023434L, 1278504032L, -914749944L, 304632439L, 
81752523L, -1946721570L, -1024781498L, 1384196848L, -814158389L, 
1388123788L, -1292871939L, -120442538L, -1654000628L, -2049423547L, 
2079003874L, 599657696L, -336327813L, 1533954242L, 1808441222L, 
1978497404L, 2009282078L, 472427048L, 1030702482L, -1529324963L, 
-2085242220L, -1282737541L, -1938179147L, 191515163L, 1774531520L, 
704930784L, 1168509779L, -867696804L, -1207101260L, 1015125171L, 
-105349731L, 684739849L, 1815876226L, 1597702864L, -526170539L, 
-1344765900L, 1044909053L, 567929023L, 1069772452L, -990090973L, 
247792700L, 580578001L, -821853869L, 649912694L, 560143879L, 
-1960981949L, 1998714011L, 748214544L, 1684669539L, 18834785L, 
